1.659 1
-0.917 1
-0.564 1
0.826 1
0.301 1
-1.384 1
2.17 1
-2.427 1
0.669 1
-0.268 1
-0.35 1
0.725 1
-0.956 1
-0.218 1
0.96 1
-0.566 1
1.073 1
-0.703 1
0.891 1
0.695 1
-0.875 1
-0.797 1
0.418 1
0.526 1
0.326 1
-1.408 1
-0.248 1
0.817 1
-0.239 1
-1.541 1
-0.021 1
0.637 1
0.264 1
-0.792 1
-0.045 1
-0.696 1
3.603 1
3.341 1
2.375 1
0.704 1
-0.91 1
-0.117 1
-0.449 1
-0.586 1
1.288 1
-0.303 1
-0.555 1
0.049 1
-0.985 1
1.277 1
-1.818 2
0.126 2
-1.652 2
1.9 2
0.251 2
1.717 2
1.728 2
1.122 2
-1.448 2
1.405 2
0.533 2
1.528 2
-3.691 2
-1.505 2
1.184 2
0.141 2
-1.888 2
0.886 2
0.769 2
-0.02 2
0.137 2
2.789 2
-0.156 2
2.827 2
0.751 2
-0.816 2
-0.539 2
0.34 2
0.108 2
0.179 2
0.488 2
1.594 2
0.621 2
2.887 2
0.869 2
1.459 2
-0.579 2
-0.389 2
1.209 2
1.166 2
1.764 2
0.763 2
-0.176 2
-0.347 2
-3.481 2
3.25 2
1.937 2
-1.454 2
-1.956 2
-2.066 2
