0.245 -2.14
-0.107 -2.07
-0.831 -1.925
0.405 -2.172
0.345 -2.16
0.632 -2.217
0.393 -2.169
0.011 -2.093
-0.311 -2.029
0.269 -2.144
0.644 -2.219
0.651 -2.221
1.455 -2.381
0.126 -2.116
-0.96 -1.899
0.263 -2.143
-1.555 -1.781
-0.31 -2.029
-0.253 -2.04
-0.582 -1.975
0.443 -2.179
-1.398 -1.812
1.102 -2.31
1.45 -2.38
0.313 -2.153
-0.165 -2.058
0.093 -2.109
-0.551 -1.981
0.724 -2.235
-0.868 -1.918
-0.44 -2.003
-0.295 -2.032
-0.487 -1.994
0.533 -2.197
-0.255 -2.04
-0.173 -2.056
1.57 -2.404
-0.693 -1.953
0.177 -2.126
-0.465 -1.998
1.074 -2.305
0.534 -2.197
-1.251 -1.841
1.354 -2.361
0.366 -2.164
-0.285 -2.034
1.138 -2.318
-0.584 -1.974
1.864 -2.462
-1.386 -1.815
