1.523 0.094
1.637 1.666
0.55 1.808
0.228 0.756
0.288 -0.407
-0.559 -0.159
1.53 0.891
1.603 1.696
0.885 1.891
1.165 1.069
1.658 1.575
-0.17 0.747
0.657 0.469
0.943 0.09
0.553 -0.038
1.905 0.862
0.031 -0.437
1.031 -0.476
1.435 0.052
0.658 0.731
-0.433 -0.39
2.882 1.527
1.598 1.383
-0.109 0.586
1.662 0.657
1.07 -0.244
-1.561 -0.111
3.695 0.23
1.351 0.312
0.776 2.689
1.312 0.627
1.504 -0.508
3.177 0.082
0.498 0.763
2.921 0.757
0.932 -0.973
0.433 1.203
-0.411 2.042
0.129 -0.88
1.519 0.101
1.203 1.923
1.011 2.007
0.958 1.676
0.038 0.932
1.03 1.071
2.176 0.275
0.769 1.341
1.365 0.659
1.278 1.138
0.058 -0.999
